[Config]
MouseSensitive=10.000000
GridScale=1.000000
MouseMoveSpeed=11.600000
