{
  "Cameras" : [{
      "FarClip" : 1000.000000,
      "FieldOfView" : 60.000000,
      "Location" : [-11.143446, 9.316185, 6.163584],
      "NearClip" : 0.100000,
      "ProjectionMode" : 0,
      "Rotation" : [0.000000, -22.518419, -44.286686],
      "Sensitive" : 10.000000,
      "Speed" : 10.000000
    }, {
      "FarClip" : 1000.000000,
      "FieldOfView" : 60.000000,
      "Location" : [-7.328226, -8.977213, 0.000000],
      "NearClip" : 0.100000,
      "ProjectionMode" : 0,
      "Rotation" : [0.000000, 0.732096, 33.351208],
      "Sensitive" : 10.000000,
      "Speed" : 10.000000
    }, {
      "FarClip" : 1000.000000,
      "FieldOfView" : 60.000000,
      "Location" : [-8.230137, 0.776050, -1.452191],
      "NearClip" : 0.100000,
      "ProjectionMode" : 0,
      "Rotation" : [0.000000, -2.126208, 11.215350],
      "Sensitive" : 10.000000,
      "Speed" : 10.000000
    }, {
      "FarClip" : 1000.000000,
      "FieldOfView" : 60.000000,
      "Location" : [-8.886416, 10.066868, 0.000000],
      "NearClip" : 0.100000,
      "ProjectionMode" : 0,
      "Rotation" : [0.000000, -0.070845, -18.598015],
      "Sensitive" : 10.000000,
      "Speed" : 10.000000
    }],
  "Primitives" : {

  }
}